20
25
1111101111101111010110101
1111111110101111111011101
1011111111101111111111100
1101111111101111111111101
1011111101101111111111001
1111110111101101110111101
1111011111101101111111100
1111111111100111011111101
1110111111101111011111101
0000000000000000000000000
1111111111101101111111100
1111101111000111111011101
1111111111101101111011101
1101111001101111111111100
1101111111101111111111101
0111001111101111111101101
1111110111101111101111101
1101111111101110111111101
1011111111100111101101101
0000000000000000000000000
2 4 1 7 2 7 4 5 2 4 6 4 8 3 4 3 6 2 1 2 1 4 5 2 1 8 6 2 1 7 4 1 3 7 5 3 3 2 1 2 3 8 5 2 3 1 5 4 4 4 3 3 3 7 6 3 6 2 1 3 0 