100
100
1111111110101011001010011101000101111110111010111001111111101001111110111101111011111010100111110110
1111101110110100100011111111101110001000111001111001110011001111100010111111111011111110101111001110
0111011110011111111011111111101110111110111011111011011111101110111110011111111011111011101111101100
1110111000101111111001110011101110110110110100011000010001101111111010111011001011111011001011110110
1111011010011111110011110110101111111110101011010011111111101111100110001111111011111011101011011010
0001111110111111111011110111101110111010110011101011001111101111111110111100001011111110101111111110
0011111110111111111011011111100111111110011010111011101111001110111110111111111011101110101111110110
1111111010110010111011111111101111111110111011101001111111101001101110101110110011111011001011110010
1101111010101111101010111011101110111110111111111010100111100111111010111011111011101011101011111110
0000000000000000000000000000000000000000000000000000000000000000000000000000000000000000000000000000
1000101110111011101001111111001111101110111110111011011111101110111010111111111011011111101100111010
1111101110101101011011001111101111101100011101111011011010100101111010101111110011110111101011010110
0101111110011111111011111111101101111110111111011011011111101001110110111110100010011111101101110110
1111111110111111010010110110001101111100011011111011110011101101111110111101011011111001100111011010
1111111110111101111010111111101011011110001111111001011111000111011010011111111011111111101111100110
1011111100011111111010111111001101111110111101101011111111101111111110011111111011111011101111101110
1011011110010011101000111100101111111100111111101011101011101011111110111111111000111011101111111100
1011111110111110111001111111101011110110111110111011111101101111111110111111111011111111001101111110
0111111000111111111011101111101111110010111111111010011101001111000010111101111011100011100011111100
0000000000000000000000000000000000000000000000000000000000000000000000000000000000000000000000000000
1111011110111001111011111001100110111110101111111010011111001011111110111111110011111110101101110110
1001011000111011110011111111101111011100101010111011111111101110110110101101101011111111101100101110
1111111110110110111011111111100111101110110011100011101100100110111110110111101011101101101000110100
1111111110111110111011011011000001011100101101111011101001101111111110001111111001110111101111101110
1111111110111111111011100110101111110110010111111011110011101101111110111111110001111111101111111110
0111110110111111111001110101001111100100101110111010111111101111111000010101111011111110001111101110
0011111010111111110001011111001011111010011111011001100111101110111110111111110011111111101111111110
1011010100111111101010101110001110110000111111001011111110100101011010011011101010110110001111111110
1011110110111101111010110111101110111110111111001011111111100011111110111011111001111111100110111110
0000000000000000000000000000000000000000000000000000000000000000000000000000000000000000000000000000
1111011110111110011010011111101101011100001111101011111111101110110100110111101011101111101011111110
1001111110110111110001111101101111001100111111110011111111101111111010110111110010111110000111111100
0111111110111111101010111011101111101110111011111011110111101110111110111111011011111111101111111110
1001111110111100111010101111101110101100111101011011111110001111111110110111111011111111100111111010
1101111110111111111011111111101111111110111110100001101111101111111110111111111011111001101110001100
1111111010111111001010011111001111101000111110111011111111101111010110111111111011001000101110111100
1011011100111111111011110011001111110110111111111011101111101001101110111111111011111111101011111110
1111110010101111111011111111101110011110111011111011111111101111111110101011011011111111101111111110
1111111100110111111011011010101111111110111111111001010110100111110010101111011011101010001111110110
0000000000000000000000000000000000000000000000000000000000000000000000000000000000000000000000000000
1101111110110111111011101111101011111110110111111011111111100111111110111111001011111110101111111110
1101110110111001000010000111001100101110111011111011111001000110111110111111111011011111101111011110
0101111010101110111011111111101001111100111110111011100111101010110110100011011010111111101111111100
1111011010111100010011011111001011101100001111110011001111100101111110011011111011100010101101111110
1111110110101101110011111110000111011110111111110011001111101110111110111101111010111110001110100100
0111111100111011111011111111100111111110111100110010111111101011111010101110011011101110100011100100
1110111110111110011001000111101111110010111111111011111011000001011110111101001010011011101111111100
1011100010111111110011001111101111111110111110111010111100101001111100111101011011111101101011111110
1111110010011111111011111101101111100010111111100001110111101111111110010111110011111111001111111100
0000000000000000000000000000000000000000000000000000000000000000000000000000000000000000000000000000
1111111110000001111010111101001110011110111110111001110111101011010100011011111011111111101011011110
1111101110101011111001011101001111110010111111111011111111101111111000110101111011100111100111111110
1110111010110111101010110111101101100110001011101011101011101111000110011111111011010111101011111110
1111111110110010111001111001001101111100111111111011111111101111111110111111100010111001100111110110
1101111000101111011001011111001111111110011111010011011111101100111110011111101001110111101011111010
1100101110111111111001111111000111110110111011111011111010101100111100101001011010011111001110111110
0111101010011101101010111111101101000110110011111011111101001111100100110111011011011111100111101100
1110111110111111111000101000100011111000101100111011111111100011111110111011111001000111101111110110
1111111110101111111011111001101111001110111111011011111111101110001110111111011011111111101111111110
0000000000000000000000000000000000000000000000000000000000000000000000000000000000000000000000000000
1010111110111111011010111111101011110010111101111011110001101111101110101111010010101001101101111110
1111111100110010111001111111001111111110111111010011111111101111111010111111111011110111101111101000
1111110110001101110011110011101111111100111111011010001101100111111000011011100011110111000101111110
1111111110011010101011010111101101111110110111110010101111101111110110101111111011100111101111111110
1110011110111110100010111111101100111110011111110011111111100110111010110001111011011111101000111110
0111111010101101111010100111101011100110110110111011111101101111100110111101111010111101101110111100
1111101010111111100011111011101110101110111111101001111011101111101110110011011011111111100111111110
1111111110111110101011110101101110111110110111101011111111101101111110101111111011101111101111111110
1110111110111011101011111111101010111110111011001011111110100111111110011010111000010011101001001110
0000000000000000000000000000000000000000000000000000000000000000000000000000000000000000000000000000
1001011110111111111010101101101011011110101110111011111111101111111010110110111011111110101010111110
1111110110011101111011011001001101110110101111100001110111101111111110011110111011111111101000010110
1001011110111111011011110101100110011110111111101001010110101100111110100101111010111111001110101010
0111111110111110101011101111101011010110101111110001111111101011111110010010010011011101001111111100
1110111000111111111010101011101111111110111011101011111111001111000110111101111011111110101111111110
0111111110111011110011111101101101011100111110111001111110001111111110111111111011110011101111111110
1111110010100001111010011111101011111110111011011011111111101110111110111111101001101111101111110010
1110011110011111111010110101101111110110110101111001111111101111101000111111111011111011101110111100
0111101110011011011011101110101111110010111101111010011111101110011010110011111001111101001011111110
0000000000000000000000000000000000000000000000000000000000000000000000000000000000000000000000000000
0110111010111111101010111110100110111110111111111011010111101101110110111111001011111110101111101110
0101110100101111101011111011100011110100111111110011101110101110111100111111111011110111100111111110
0111111010110111110011111111101111111110111100101011110111101110111000101111111010111110101110111110
1101111110101111110010111111101100111100110111001011111111101011001110110000011011110111101111110010
1111110110111010010011111011101110111110001011111011101101000111111110111111111011111111101101111010
1011110010011111101011001101101111111100111111101011101001100110111110111001111011111011101010111110
1101011110110101111011111101100111100110000101001011011101101110111110101111111011111111101111011110
0110111110111111111001110111101101111110111001111010001110101011001110110111001011110111000111101110
1011111100111111111011011111101111111110111011111010010101100111111110111111111011111111101101110110
0000000000000000000000000000000000000000000000000000000000000000000000000000000000000000000000000000
1111111010101111101011111111000111111100101110111011011100101001111110101011111011111110001111110010
1111111110011101111011111111101101000110100111111011011110001100111100111011011011011110000111111010
1110111110011111011011111111100111011110011111111011101111001111111010111111111011111111101111111100
1111110110111111111011110111001101101110111011111011011111100000111110111111110011110110001111011110
1110110110111010111001111001100111111010111011010011101111101111111110011111111011111110101111110110
1011011110111111111011110001001111011110000101101010101111101101001110111111111011111111100110110110
1111111110111111111010111101101100111110001111101011110110101111101110110111011011110111101010111110
0100101110001111111011110101101101111110101011001011110110101110111110100011111011111111101011111010
1111101100111111111001011111100110111110110111101011101001101001111100101011010011111101100111101110
0000000000000000000000000000000000000000000000000000000000000000000000000000000000000000000000000000
287 289 276 145 160 145 88 81 
