100
100
1010111011001111111111110010001101111001000111111011110111011111111111111101101100001101101111101100
1100110111110111011111110010111110010010111001101011111011011011011111110100110101001011111101110110
1110110011111111101101110110111111010011111111111001111101101111110011101101100001000110001111001110
0010011111101001011100010111101101110110101110011011111111110110111011111101011011111111001101011110
1011111111011111010100110001111101000010111001011001101100101111110111001001110101111001010101011100
0101010111101111110101100110101111110111010000101011011111111101111111101101011110111011010111011110
1100111110011101000111100010111011110011000101011011111101011001110110111101101110111011110110110110
1111111101111101101001110110111001111111110101111011000111011111011100111001111111101011111101001110
1110111101011010100101000111100100011011010011111011011111011011111111111100011101011111111001010110
0101000011101000111111110111110010111100110111101011111010010101111011111001111111110111110111110110
0101011000110111111100100110011101111110101110011010101110111011111111011000110011110101111111011100
0111111110111110110101110011011010011101111101111011011111011111110011011100111111110111100111100010
0111010111001110111011110110101010101110011101111000101010111110111111101100110110101110001111011100
1011010110111101101110010111101011011101101011101001110101111111110010000000101101111111111001100110
0001111100111010111010110101001101101110011111111010101111011111010001101000111011111111011011111110
1001100010101101100101010010000111111101001111111010101111111111111111101000111111111111110100111100
1111011100110111010111110010110101111011111110010011110111010110111111100001101001101001111111111110
1011111101111111101101110110111111011111111100011000111111111111111000111100100111101011111101111110
1011110111111001101100110111111101000111111111111011111111011111111011001001101111100101111110101110
1110101010010100110111100111001110111110011110001010010101111111110010111101011101110000011011010110
1001010101011011111111110111111111001101101100110000010010111110010101111101110100111011011110101110
1111111111011010100101110011111001111110001101111011111111011111010000100100100111001111101110011100
0111001111100111011111010011011100111101111111001011110101001010111011000000011011111010010111011010
1011101011110111011011010011010101111111101101101010110100111110100010110101111010111010101111101110
0000000000000000000000000000000000000000000000000000000000000000000000000000000000000000000000000000
1110111000111101010011010111111101111111110001100001100111011011011011111101011111110110101011110110
0101111111011110111110110101111111110110111111110010111101001111111110111100111010110111111100110110
1111011111101111111101100111010101101110101111011000101111010010011111100101111011111110011111110100
0111000111011011110001110101010111100111001001001011111110110100101011010100001101111101111111111010
1010111111110011111101110111110111110101001010111011110101011111100110101101010010101010100110101000
1011111111111010111111110111101111111011111111011011111101111100111000111101110110111010001111011110
1111111000011101110110000100110111001010111010110000011111101111011111010000110010111111011001011110
0111101100101111110010000000111100110101111101110001011101011011101111111001011101111111110111110110
1111111011111111010101100100111111010110111010111010011010111001111111011101111111001111110111001000
1000011110011111011101100011111111111111011111111010111011110111111111001100111111110101000100111100
1111011100001010111110110101110111100111111011101010101111111011111101100001101110111010010010110110
1110111001101110000110100111101000011111110111011010110111011110111111111000111001111011111011010110
0101111010101110101011100001111100101111110101000010011011101010100010111101111010101101111101111000
1110101101111111111000110010001011101011110111110001011110101111011111111101101111011111001101111110
1011111100110111100010010111100101111110110011111001110111101101111111110100010111111101101100110110
1100100011001011110011010110111011010011100011111011111010011111010110011101100111111101010111111100
1101101011111111101010010101110010110010110111101011111111111011001011110001010110111111101010011110
1111111111101111101111010011111011101110111111010011111111110111101010100100111110111101001010011010
0001110110011111011110100111111111111101111111011011111011111101011110110100011101101011101000001010
1110110001101101101100100011000111110011110011110000000011011111011110011001111111110111111100100100
0101011111011001100000010010011010111011001111011001111111011011000011111001101110001011011010101110
1011111011001110010101110101101111110111111011110001111011100111111111111100100111100111001111111010
0101101100110110110100110011111111011101011010111011101111111101110100011101100010100000010001001100
1101110111010111111111100111101001001011110101011000011011010011011111111101100101001110011111001110
0000000000000000000000000000000000000000000000000000000000000000000000000000000000000000000000000000
1100011010011110011111010110110001011010011101110000110111011011111010010100011111010010100101010110
0010110100111011011100110101111010111111101110111011111110101011100110111101101111111011000110010110
1100100011111110110011100110011010111101111000011000111001110010011111001001001010111010111110111100
0111011110100101000110010101111111111101111111100010111111001000001110010101001101110100011011111000
1110010111001110111110010010111110011110001011110001011101111100100110110001001010101101101100011010
1010110010101100111011010111111111100110011100110010111001101011110010111000001101011101111001111010
0100011110101111011110110111111111111111110111010011101110111011101010110101010110110111011111010110
1011010010110000110111110111011101111011111111111011111011111111001100100001101111011101101110110010
1111100101110101111111100011010111111111111000111011110100110011011110111100110111010101101111111010
1110111011111001110101110111101111011111101100011011111001111001111111100001101111111010111110111000
1101111111110010101110110110111100001111001110111010111010011101101111110001111111010010011011111100
1001111111111111111101100111011111110100111111111010001110111111111111100101110110011111111011111000
0001011111011100111110100111011111011101000011000001101111011101110011111100101011011111110111111000
1111101111011111111110110011100100101110111110100011110011100111111111111100110110101111111111111010
1111111110111111110111110111010011111110000011100000110111111100111111010000001111101111101110111100
0111111100101111001100010100001111111001101110001011111100111101011111110101101101101001011011101110
0111111101101110111110110011011010110001101111111011110011111001111011111101110111101110110011111110
1111011111110101110011010111111110011110110111111011010111111010011011001001111110101000111111111110
0111110111101101110011100111011001110011111011010011011001000001111011111001111001101111111111111110
1110101111111010111011110011101011001100111100111001111010101111011111000101011111111111100111100010
1111001010001011110100010111111101000101101111111011000110011011010010001101011001100111101101110010
0010101011011101101010010000111101111111000011110011111110001110111110111101111010101111001100101010
1111110011111111101101000111111011101011110001111011110101111111101111010100001010011111111001011110
1111111010110101010111010111011111011110111111111010110010100100110011101101101111111101101111011110
0000000000000000000000000000000000000000000000000000000000000000000000000000000000000000000000000000
1101011010101111111110000011111010111101011110100011110101010101001111111001101101100011101101111110
0111010111100111111100110111101010111101001111111011111111001111110110111101111100111000011100101000
1111011000001101000011110111010100110111100000111010111111110001110011111001011101001101111001110110
0101111111011111111110110011011111011110111111110011010110110110101111010101010110111111011010110110
0110001111111111011111110101110110101011001111101011101011000111110011100100010001111111111101011010
1010011011101011010110100100100110110111111111100011100110111111100110011001111111111111111011111100
0111111110111110011111110000110001110001011010111011011111001010111011100100010101101011111000111010
1101000001111110100011010001111101000101110000110001111000110101101101001001111111010011001100011100
1011011110110110001111110111111101100001111100111000111010111111111000011101111100111000110011001110
1010101111100111110001100010010110101101011110100011111001111011010001111101111111111110011111100110
1111111111111011101111110111110101100101100111110011100111111011011101001001011011110111001011110010
0011011100111111111011000100110101011011111011111010101011100010110011011100111111110111111010111110
1001111011101011101101010111111001101011111111111000111010111010101110101101111111111001011111101110
1001111111011110111110100111011111011111000110111011111110011111111111001100111111111101000101101110
0101111110100111100111010110110111101011110111101011111111100110101110110100101011011111101110111110
1111001110011101111101010111000000110101110111101001100111111101000101100001111001011110110111111110
1111111101101110111010110101101110110111111111011000111111011111011111110001111111001110111111101110
1111101111001111110110010110111111111111010111111011111101110010111110111001110111100000111011011110
0010011101110100111110100111110001110111111110101011100111001111101111110001011011101101011111110100
0010101111111111111110010001001101011111111111110011101111111101001010010101010001010110110011001010
1101111101111110111101110110011011011101111110111011101011001111110011101101011111111010101110100100
0011111110011110110001110110000011110000111110100011111111101100011111111101111011101001111111111010
1111111110111100011110110100011111110110111110111010110011111011011011011101111111111101111110101110
0111111100111111111111100111101011111011110111101010111101011111001111110001101100011111001010101010
0000000000000000000000000000000000000000000000000000000000000000000000000000000000000000000000000000
264 276 267 137 121 139 60 61 