100
100
1111111101111111111111110111111111111111111111111011111111111111111011111100011111111111011111111110
0111111111111111111111110111111111101111111111111001111111111111111111111101111111111111111111111110
1111111111111111111111110111101111111111111111111011111111111111111111111101111111111111111111111010
1111111111011111111111110111101011111111111111110001111110110111111101011101110111111111111111111110
1111111111111111111111110110111111111111111111101001111111111111111111111001111111111111111110111110
1101101111111111111111110111111111111111111111111011111111111111111011111101111011111111111111111110
1111110111111101111111110111111111111111111111111011111111111111111111111101101111111111111111111110
1110111111111111111111110101111111111111111111111011111111111111111111101101110111111110111111101110
1111111111111111111111110111111111111111111111111011111110111111110110111101111111111111111111111010
1111111111110111111111110111111101111111111111111011101110111111101111110101111111111111111111111110
1111111111111111111101110111111101111111111111111011111111111111111111111101111111110111111111111110
1111111111111111111111100111111111111111111111111011111111111111111111111100111111111111111111111110
1111111111111111111111110101101111111110111111011011111111111111111111011101111111111111111111011110
1011111111111111111011110111111111111100111111111011111111111111111111111101111111111111111111111110
1111111101111111111111110111111111101011111111111011111111111111111111011101111111111110111111111110
1111111111111111101111110111111111111111111111111011111111111111111110111101111111111111111111111110
1111111111111111111111110111111111111111110111111011101011011111111111111101111111111111111011111110
1111111111111111111111110111111111111110111111111011111110111111111111111101111111111111101011111100
1111111111111111110111110111011111111111111111111011111111111111111111111101111111111111111111111110
1111111111111111111011110101111111111111111111111011111111111111111101111101111111111111111111111110
1111111101111111111111110111111111111111101111111001111011111111111011111101111011111111111111111110
1111110111111111111111110110111111111111111011111011111111110011111111111101110111111111111101111110
1111011111100111011111110111111111111111111111011011111111111111111111111101111111111110111011110110
1111111111111111111111110111111111111111111110111011111111111111110111111101110101111111011111111110
0000000000000000000000000000000000000000000000000000000000000000000000000000000000000000000000000000
1111111111101111111111110111111111111111101111111011111111111111011111111101111101111101111011111110
1101111111111111111111110111111111111111110111111011111111111111101111111101111111111111111111111110
1111111011111111111111110101111101111111111111111011110111111110111111111101111111111011110111101110
1111111111111111111111110111101111111111111111111011111111111111111011111101101111111110111111111110
0111111110111111110111110111111111111111111111111011110111111111011101111101011111111111111111111110
1111111111111111111101110111111111111111011111111011111111111111111111111101111110111111111111111110
0111111101111111111111110111111111111111011111111011111111111111111111111101101111111111111111111110
0111111111111111011011110111101111111111111111101011111110111111111111101101011110111111110111111110
1111111111111111111011110111111111101111111111111011111111111111111111111101111110111111111111111110
1111111111111111101101110111111111111111111111101011111111111111111111111101110111111111111111111110
1111101111111111111101110101111111111111111111011011111101111111111101111101111110111111111111111100
1111111111111100111111110111110111111110111111111001111101111111111111111101111111111111011111111110
1111111111111111111011110111111111111111111111111011111111110111111111111101111111111111111111111110
1111111111111111111111110111111111111111111110111011111111111111111111111101111110110111111111111110
1111111111111011110111110111111111111111111111111011111111111011111101111101111111111111111111111010
1111110111110111111111110111111111111111111111111011111111111111111111111101111111111101111111111110
1111111111111111110111110111111111111111111101111011111111111111111111111101111101101111111111111010
1111111111111111111110110111111111111111111110110011111111111111111111111101111111111111111111111110
1111111111111111111111110101111111111011111111011011111111110111110111111101111101101111101111101110
1111101111111111111111100101111111111111111111111011111111111111111111111100111111111111011011111110
1111011111111111111111110111111111111111111111111011111111111011111111110101111111011111111111011100
1111111111111101111011110111110111111111111111111011101101111111011101111101111110111111111111101110
1111111101111111111111100111111111111111111111111010111111111111111111111101111111111111111111110110
1110111101111111111110110111101101111111100111101011111111111111111111111101111111011111111111111110
0000000000000000000000000000000000000000000000000000000000000000000000000000000000000000000000000000
1111111111111111111111110111111111111110111111111011111111110011110111111101110111111111111111111110
1111111011111110111111110111111111111111111111111011111111111111111111011001111111111111111011111110
1111111011111111111111110111110111111111111111111011111111111111111111101101111111111111111111111110
1111101111111111101111100111111111111111111111111011111111111111111111111101111111110111110111111110
1111111111111100111111110011111111111111111111111011111111111111111111111101111111111111111111101110
1111111111111111111111110101111111111111111111111011111111111011111111111101111111111111111011101110
1111110111111111111111110111111111111101111111101011111111111110111111111101111111111111111111111110
1111111110111111111111110111111111111111111111111011111111111111111111111101111111111110011111111110
1111111111111111111111110111111111111011111111111011110111111111111111111101111111111110111110111110
1111111111111111111111110111111111110111111111111011111111111111111111111101101111111111111111111110
1111111111111111111111110111101111111111111111111010110111111111111110110101110111111111011111111110
1111111111111111111111110111111111011111111111111011111111111101111111111001111111110111111111111110
1111111110111111111111110111111111110011111111111011111111111111111111111101111111111111111111101110
1111111011111111111111110111111011111111111111111011111111111111111111111101110111111111110111111110
1111011110111010111111110111111111111111111111110011111111111111111111111101111111111111101111111110
1111111111111111111111110111101101111011111111111011111111111111111111111101111111111111111111111110
1111111111111101111111110111110111111111110111101011111110111111111111111101110111011111011111111110
1111101110111111111111110111111001111111111011001011101101111111111111111101111111111111111011111110
1111111101111111111111110111111111101111111111111001111111111111111111111100111011111111111111011110
1111110111111111111111110111111111111111111111111011111111111111111111001101111111111111111111111110
1111111011111101111101110111111110111111111111111011011111111111110111011101111111111111111101111110
1111111111111111111111110111111111111100111011111011101111101111101111111101111111111111111111111110
1111111111111111111111110111111111111111111111111011111010111111111111111101111111111111111111111100
1111111111111111111111110111111101111111111111111011111111111111111111111101111111111111111111111110
0000000000000000000000000000000000000000000000000000000000000000000000000000000000000000000000000000
1101111111111111111111100111101111011111111111111011110110111111111111111101111111111111111111111110
1111111111001111111111110101111111111111111111110011110111111111111111111101111111111110111111111110
0111100111111011011110110101111011110111111111111011111111111111111111111101111111111111011111011110
1111111011101111111111110111111111110111111111111011111111111111111111110101111111111110111111111110
1111111111111011111111110111111111111101111111111011111111111111111111111101111110111111111111111110
1111111111110111011111110111101111101111111111111011111111111111111111111101111111111111111111111110
1111111111111111101111110111111111111111111111111011111111111111111111111101111111011111111111111110
1111111111111101111111110111101111111111111111111011111101111110111101111101111111111110111111111110
1111111111101111011101110111111111111111111111111011111111111111111111111101111111111110111111111110
1111111111111111111111110111111111111111111111111011111111111111101111111100111111111111111101111110
1111111111111111111111110111111111111111111111111011111111101101111111111101111111111111111111111110
1011111111111111111111110111111111111111111111111011111111111111111111111101101111111111011111111110
1111111111011111111110110111111011111111111111111011111111111111111111111101011111111111111001111110
1111111111101111111101110111111111111111111111111011110111111111111111101101111111111111111111111110
1111111111101111111110110111111111111111111111111011110111111111111111111101111111111111111111100110
1111111111111111101111110111111111111111111111101011111111111111111111111101111101110111111101111110
1111110111111111111111110111110011111111011111111011111011111110111111111101111111111111111111101110
1111111111111111111110110111111111111111111111111011111111111111111111111101111111111101111101111110
1111111111111110111111110111110111111111111111111011011011111111111111111101111011111111111111011110
1111111111111111111110110111111111111111111111111011101111111111111111111101111111111111111111111110
1110111111111111111111110011111111111110111110110011111111111111111110111101111011111111011111011110
1111101100111111110111100111111111111111111111111011111111111111101111111101111111111111111111111110
1111111111111110111111110111111111111111111111111011111111111111111111111101111111111111111111111110
1111111111111111111011110111111111111111111101111011110111111111111111111101011111111111111111111110
0000000000000000000000000000000000000000000000000000000000000000000000000000000000000000000000000000
5 1 4 1 2 2 6 2 3 3 2 7 2 2 2 3 2 1 2 1 3 1 5 4 2 5 3 3 3 3 4 5 6 5 3 4 3 3 7 3 6 4 1 1 2 1 8 4 6 3 3 5 4 6 2 3 2 2 6 7 2 3 2 3 3 5 8 6 3 7 6 8 4 2 6 1 4 5 2 2 2 8 6 2 1 4 3 4 2 1 7 5 2 3 3 1 4 5 2 1 1 5 2 5 7 3 4 3 3 3 2 1 6 5 6 4 1 2 3 3 3 6 5 5 2 3 1 8 3 6 2 8 3 5 1 8 1 2 3 2 6 6 8 6 6 3 3 6 2 2 1 3 1 2 2 1 4 4 4 6 5 3 1 1 5 6 1 2 3 3 1 8 5 2 6 4 1 5 5 3 4 7 3 1 2 2 6 6 3 2 3 4 5 5 5 5 6 2 3 2 4 2 5 1 4 3 5 6 2 3 3 3 3 6 8 4 3 1 2 2 2 3 2 2 7 6 3 1 2 1 2 6 4 2 2 2 4 1 1 1 3 5 4 8 3 2 3 2 5 4 2 5 4 7 1 1 5 2 5 1 5 5 8 4 3 1 4 2 6 5 8 2 4 8 4 1 2 6 2 8 3 3 4 2 3 1 6 3 1 2 2 2 6 1 2 4 4 2 2 3 6 4 3 4 2 2 3 3 2 8 2 5 6 2 4 2 7 3 6 8 6 4 5 2 2 2 7 2 6 1 1 8 3 3 1 1 3 7 2 2 3 6 4 8 6 3 2 4 1 5 8 1 3 1 3 2 1 1 6 3 1 2 8 3 1 4 5 4 3 2 5 2 3 3 3 7 2 3 3 8 1 1 2 1 5 2 2 1 3 1 6 3 3 3 7 3 6 4 3 1 3 3 6 3 2 3 1 5 1 2 5 5 8 2 5 4 1 6 1 3 1 5 1 7 1 1 3 2 1 4 1 1 1 2 4 5 3 2 3 1 1 6 1 1 6 6 3 2 5 6 3 5 6 2 3 2 6 5 5 4 5 2 2 1 2 8 5 4 6 2 8 2 3 6 2 2 1 7 3 3 4 3 3 5 5 4 1 1 6 6 1 5 3 2 1 6 5 3 3 5 5 1 6 3 1 4 1 2 6 2 3 1 2 8 3 2 4 2 6 6 5 5 3 2 3 2 3 2 1 5 7 1 3 6 3 6 8 2 2 3 4 6 6 1 3 3 5 8 3 1 5 2 5 3 3 1 7 6 4 2 2 3 5 1 2 1 1 1 3 1 3 7 4 2 5 6 2 1 6 4 3 2 4 1 7 3 5 2 3 4 2 6 1 1 4 5 3 1 4 5 2 5 5 2 8 2 2 3 4 3 6 7 2 6 2 3 5 1 5 2 6 2 2 1 2 4 2 2 6 5 8 3 1 3 1 2 1 4 6 5 1 3 7 2 5 6 1 7 3 5 1 2 1 1 1 8 1 7 1 1 3 2 1 3 4 1 5 6 1 1 8 3 8 4 6 5 3 2 6 5 6 5 3 1 6 5 3 8 3 2 2 6 2 2 3 2 8 3 8 1 4 4 3 1 2 4 1 4 2 6 2 5 3 3 7 3 3 2 1 1 4 5 1 5 3 3 3 4 6 1 2 1 5 6 2 3 2 2 3 1 3 5 5 6 7 2 1 7 2 1 4 2 1 1 6 4 4 3 2 2 2 7 8 2 2 8 5 3 6 3 4 3 2 3 7 5 1 8 3 3 3 3 1 4 3 3 1 6 2 7 6 3 2 7 6 3 1 5 1 3 3 2 6 5 3 2 8 7 3 2 2 2 2 6 1 1 1 6 6 2 5 1 3 6 7 3 3 5 2 1 4 3 6 3 3 1 3 4 3 2 6 4 7 2 8 3 8 3 3 2 2 1 2 1 1 5 2 2 5 5 1 1 4 1 6 7 4 7 1 1 5 3 3 3 1 7 6 2 3 1 1 2 6 2 3 2 2 4 5 1 2 1 5 1 3 3 5 1 4 5 3 8 2 2 2 3 1 1 5 6 2 1 2 5 7 3 6 2 6 3 1 1 3 3 1 6 3 7 1 7 3 3 5 2 6 1 2 4 5 1 4 4 5 2 2 2 2 4 1 1 1 2 1 3 1 2 2 2 2 1 4 6 2 5 3 5 1 4 1 7 1 1 1 6 2 3 5 2 2 1 6 5 1 2 1 4 2 3 6 2 6 1 1 8 4 6 5 2 3 3 5 5 5 5 8 2 2 4 2 2 8 1 0 