100
100
1101100100111110010011111111101110111100111111100011111111101001111000111111101011011110101111111010
1011110110001010111011111111101111111110111101110010111111001011011110111110111010111111000111111100
1111111110011010110011110110101111111110101101010011111101101111111010001011010000111110101111001110
0101101110011101111011011001101111111010010101111011101111100001110010111111011011011101100101010010
1110111110111111110000011001101110111000111111010011111111101111110100100111111011111111001110111110
1111111010101101111010011101001101111100011010111011110111100111111100011111101011111111101111011110
1101001110111111111000011011101111010110110011110011001111101111110110111101111011111101001100001110
1110111000101110111011111111101111001010111110111011010111001111111100011111111011010110100001000110
1111111010111111110011100001100110101100111011111001111111101101111110111011111010111001101111111110
0000000000000000000000000000000000000000000000000000000000000000000000000000000000000000000000000000
1111111010111110100011101000101101110110011101111011010111101011101110110111111011011111101011111110
1111111110111010110011110110101111011110110111111011111101001111111110010011110011111100100111100110
0110101110100011111011111111101111100100010111110011010111100111111110101100001011011001001111011110
1110111110111001111001111101101111101010110111011001011001101011011110111111101011111101101011010110
0111111110111101111001101101101111101110010111111011111100101111111110110011110011111111101110011110
0111111100111111111011110111101110111010110111111001111011000101111110100111101011111110100011111110
1110111010100011111011111101101111110110100111111011111111100110101110010111111011111110101011110110
0011111110111101110011011111101011111010111111111011111101001111110110111111011000110111101011111110
1101101110110011111001111110101100100010111110101001111101101101111100011111111011011110101111101010
0000000000000000000000000000000000000000000000000000000000000000000000000000000000000000000000000000
1111111010111111011011011111100101011110100010111011111111101111111110110101111011100111001101111010
0111101110111111101011111111101111111110011111111011010111100110111010111110011011001010101111101110
1010111110001010000011101001101111111010111111110011111111001011101110111101111010110111101111110010
1111111110011110100011101011100100111100110110111011011111101011011110110011111011011111101011011110
1111111110001011111011111001100111010010111111011011111010101111100100111110101010011111101111100110
1101000110111111111011101011001010011110011110111011111111101110110110100101110011110010101110100110
1111110100101111110011111110101110111010111111101001110011001110111010111110011010111111101011110010
1101011100011110111001111110100111011100011111111000110111001111011110001110110011101011101011110110
1111111110101100011001110011101111111110110011111011110111001111011110101111111011101110101111111110
0000000000000000000000000000000000000000000000000000000000000000000000000000000000000000000000000000
1111011110111110111011111110101111100110011110111011101101101101101110111111111011010011100111111010
1111111110110111101010011111001111011110110101111011111110001111111010000110111011111111101011011010
1101000110101101000010111110101111110110110101011011110111101110111110111000111011111111101110011110
1111101010111111011011111111101110010000110111111001111111100101110110111111111011111001101101101110
0111111100111110001010111111100001010110011101111011110011101011101110111011001010111111101111101010
1101110010101110111011011111101110011110010011110001110111101110101100110101110011010111101111010010
0111111010111111001011101110101101111110111111111011101101001101111100111111011000110011101011110110
1111100110111110101010001111100111100010110110011000111110000011100110110111111011111101001111111010
1111111110101011111011101011101011110110011001110001101111101111111110101100000000111111101011001110
0000000000000000000000000000000000000000000000000000000000000000000000000000000000000000000000000000
1111001010111110111000111101001111101110111011001011111101100111110110110101011010111010100011100110
1111111110011101111001011101101111110110011111011011011111101111111100011111010011110111101101110110
1111111110111101011011110011100111101110111111101011011111100111110110111101110011111111101111111110
1111101110011011110011111110101101111100110011011011011010101111011110111101111011101110100111001110
1101111110101111101011111110101110011010101011111011110111001101111000010100111001110110101000111110
1111000100111111111001100011101111111110001101110010010110001101010010110111101011101011001111111110
1111111110111001111011111110101111011110111110111011111100101100111110101011100011101101001111110110
1111111110111011111011111111101010111110101111110011110101101111100110111111010011101111101101011110
1111111110011111000011100111001111111010010011110010110101001111001110111110010011111111101101110100
0000000000000000000000000000000000000000000000000000000000000000000000000000000000000000000000000000
1111101110010011111010101111101111101100111111111011111111101001111000111011111011111011100111100110
1010001100111111011011111010101111100100111011110011111111100001111110111011110011101011101101011110
1111101110011011110001111011001111111110101111111011101010100101110010111011100011111011101111011110
1111111110010111111011011111100100011110111011111011111110101111011010110111011000101110101111111110
1111111110010111111001011111101101111110101110101011111101001100011100110110111010110111101011111110
0101111010111111111011111011001110111110110011111011111111100011111110111011111011111111101110110110
0111111010100111111001111111101111011110010010110011110111100011101110110111111011011111101111101010
1110111110000111101011111111101111111110001110011001111111101111111110111101001001011111101011001110
1001111110101110011011111101101110111100111101111010001111101101001010011100010011111101001110111110
0000000000000000000000000000000000000000000000000000000000000000000000000000000000000000000000000000
1010101110011111101011110111100111101110111111011011111101101111101110100111110011110111001011110110
0111101010111111110011011000101110111110110111110010110001101111110100111010111001111111101111101100
1011110110111101111010101001101111111100111111010011001111101110111110101111011011100010100011111110
1100001110111111111011011100101111101110111001101001111011101111100110111111111011001001000001101110
1110101100111001001001011111001100011110011011111011111010101110101010101111101011111111000001011010
1101111010001111101011111011001100011110110101111010111111101111101100111100110011101111101110111010
0011011110001000011001111111101100101010111111101011110010101101001100111101111001011110101111111100
1111110010110110111011011111001101101110100111110010101111100111011110110001010001111101101011111110
1110111100110111111011111110001011111010111111101000110101101101100110001101111011110111100110011110
0000000000000000000000000000000000000000000000000000000000000000000000000000000000000000000000000000
1100101110111101101011011110101111110110101101011010110111000111001110111011101001011111001001111010
1111111010101111111011001011001111011110101111111011111011101101111010111111111001011110100000111010
0111101010101011111011111111100111111010111110111010110111101111110110111111101001011110101111101100
0111011110111111111011111000100111111110111011111011111111100000110110010100111000011111000111111110
1110111010111000011011110001001111101110111111100001111101001111110000111111101001111111100011111110
1111111100111011011011011101001011111110111111110011011111100111111100011111110011101011101111101110
0111110110101111001010111111101111001110111000111011011111101111011100101101111001011111101111111110
1111100100111101101011111101101011011110011101111011111100101110111110011111101011011101101010110110
1111011100011111010011111101100011111100111111111001111110101011101110111111111011111111101010101110
0000000000000000000000000000000000000000000000000000000000000000000000000000000000000000000000000000
1101110110111010111011111101101111111110011011111011110111001111110110011111000011111111101101111000
1111111110111011101011110110101111111010111011111010110111101111001110010000111011111111001011011110
1111111110111101111001110111001111110110010111011011110111101111111000111110010000110011000111011110
1111111110001111011011001010101101111110111011111011000111101101101110011111111011111111101101100110
1111101010100000111011011111101011101110111101111011011101001111111010111111111001111110001101111100
1111010110101111111001011101101111110000111111101011111111101111010110111111111011101110101101111010
1111011110111110110011001001101111111110111111011010111111101101111110110110111011111011101101111110
1001010100111111111001110111100101111010111101011011111101101010001110111101111010011100101001011010
0111100100101110101001010110101111111110001110111010001111000111011110101010101010111011100111111110
0000000000000000000000000000000000000000000000000000000000000000000000000000000000000000000000000000
1110000110111011101000011101101110111000101111001011111110101111111110110110101010111111001101110000
1010111100110101110001111101101110100110111011111011111011100011000100110001111001110011101111001110
1111111110100111110011111111100111111110111011111011101111100111111100101111100010111011001011111010
0101101110110101110011011101001111001100111111101011110111001111111110111111111011111101101110011100
1011111110111100100011111111101011111110111001110011111111100101110000001110110010110101101101011100
1011111110010111111011110010100010001110011101111001111111101011011010101111111011010101101011101110
1111110110010111111001111111101111101110011111100011111111101010111110111111111010011111100111011110
0110111110110100111011101111001111111110111101110010111110101111011110111101111001011110001110101010
0110111110101101111011111111101110111010111111110011110010100111011110100110010001011111101011010100
0000000000000000000000000000000000000000000000000000000000000000000000000000000000000000000000000000
280 273 274 132 159 143 66 69 